Class memberships for classes ['Iris-setosa', 'Iris-versicolor', 'Iris-virginica'] coded as [0, 1, 2]
[[ 0.03226714  0.51266631  0.45506655]
 [ 0.01694915  0.49152542  0.49152542]
 [ 0.64653333  0.35346667  0.        ]
 [ 0.06571731  0.52649501  0.40778769]
 [ 0.03112922  0.51456213  0.45430865]
 [ 0.6412      0.3588      0.        ]
 [ 0.01694915  0.49152542  0.49152542]
 [ 0.64        0.36        0.        ]
 [ 0.01694915  0.49152542  0.49152542]
 [ 0.03588858  0.50940277  0.45470865]
 [ 0.01694915  0.49152542  0.49152542]
 [ 0.01694915  0.49152542  0.49152542]
 [ 0.0581627   0.48887602  0.45296128]
 [ 0.01694915  0.49152542  0.49152542]
 [ 0.25933591  0.48845401  0.25221008]
 [ 0.05018631  0.54032074  0.40949295]
 [ 0.64853333  0.35146667  0.        ]
 [ 0.01694915  0.49152542  0.49152542]
 [ 0.01694915  0.49152542  0.49152542]
 [ 0.65333333  0.34666667  0.        ]
 [ 0.6412      0.3588      0.        ]
 [ 0.6508      0.3492      0.        ]
 [ 0.01694915  0.49152542  0.49152542]
 [ 0.01702585  0.50027397  0.48270018]
 [ 0.01694915  0.49152542  0.49152542]
 [ 0.01694915  0.49152542  0.49152542]
 [ 0.0177957   0.52654828  0.45565602]
 [ 0.6508      0.3492      0.        ]
 [ 0.01694915  0.49152542  0.49152542]
 [ 0.6448      0.3552      0.        ]
 [ 0.01694915  0.49152542  0.49152542]
 [ 0.12609839  0.612481    0.26142061]
 [ 0.01694915  0.49152542  0.49152542]
 [ 0.01694915  0.49152542  0.49152542]
 [ 0.6448      0.3552      0.        ]
 [ 0.01694915  0.49152542  0.49152542]
 [ 0.28129958  0.46964824  0.24905219]
 [ 0.01694915  0.49152542  0.49152542]
 [ 0.02185722  0.52225518  0.4558876 ]
 [ 0.02178143  0.52283623  0.45538234]
 [ 0.01694915  0.49152542  0.49152542]
 [ 0.01694915  0.49152542  0.49152542]
 [ 0.01694915  0.49152542  0.49152542]
 [ 0.6448      0.3552      0.        ]
 [ 0.65333333  0.34666667  0.        ]
 [ 0.64333333  0.35666667  0.        ]
 [ 0.15612788  0.50424536  0.33962676]
 [ 0.01694915  0.49152542  0.49152542]
 [ 0.6448      0.3552      0.        ]
 [ 0.6508      0.3492      0.        ]
 [ 0.01698803  0.50031179  0.48270018]
 [ 0.01694915  0.49152542  0.49152542]
 [ 0.66546667  0.33453333  0.        ]
 [ 0.01694915  0.49152542  0.49152542]
 [ 0.6448      0.3552      0.        ]
 [ 0.01694915  0.49152542  0.49152542]
 [ 0.13588042  0.52306124  0.34105834]
 [ 0.01694915  0.49152542  0.49152542]
 [ 0.64        0.36        0.        ]
 [ 0.01694915  0.49152542  0.49152542]] 
Test dataset contains 60 members
X_test:
[[ 5.6  2.7  4.2  1.3]
 [ 7.7  2.8  6.7  2. ]
 [ 5.   3.3  1.4  0.2]
 [ 5.8  2.6  4.   1.2]
 [ 6.1  2.8  4.   1.3]
 [ 5.1  3.7  1.5  0.4]
 [ 6.7  3.   5.   1.7]
 [ 5.2  4.1  1.5  0.1]
 [ 7.7  2.6  6.9  2.3]
 [ 5.7  2.8  4.1  1.3]
 [ 5.8  2.7  5.1  1.9]
 [ 6.8  3.2  5.9  2.3]
 [ 5.6  2.9  3.6  1.3]
 [ 6.9  3.1  5.1  2.3]
 [ 5.5  2.4  3.7  1. ]
 [ 5.7  3.   4.2  1.2]
 [ 4.7  3.2  1.3  0.2]
 [ 6.   3.   4.8  1.8]
 [ 7.2  3.   5.8  1.6]
 [ 4.4  3.   1.3  0.2]
 [ 5.4  3.7  1.5  0.2]
 [ 4.6  3.1  1.5  0.2]
 [ 6.9  3.1  5.4  2.1]
 [ 7.   3.2  4.7  1.4]
 [ 5.9  3.   5.1  1.8]
 [ 4.9  2.5  4.5  1.7]
 [ 6.3  2.3  4.4  1.3]
 [ 4.8  3.1  1.6  0.2]
 [ 6.8  3.   5.5  2.1]
 [ 4.8  3.4  1.6  0.2]
 [ 6.2  2.2  4.5  1.5]
 [ 5.8  2.7  4.1  1. ]
 [ 6.3  2.7  4.9  1.8]
 [ 6.2  3.4  5.4  2.3]
 [ 5.4  3.4  1.7  0.2]
 [ 5.6  3.   4.5  1.5]
 [ 5.7  2.6  3.5  1. ]
 [ 7.3  2.9  6.3  1.8]
 [ 5.7  2.8  4.5  1.3]
 [ 6.4  2.9  4.3  1.3]
 [ 6.9  3.2  5.7  2.3]
 [ 5.6  2.8  4.9  2. ]
 [ 6.3  2.9  5.6  1.8]
 [ 5.4  3.4  1.5  0.4]
 [ 4.9  3.   1.4  0.2]
 [ 5.1  3.5  1.4  0.2]
 [ 5.5  2.4  3.8  1.1]
 [ 6.4  2.8  5.6  2.2]
 [ 5.   3.4  1.6  0.4]
 [ 4.9  3.1  1.5  0.1]
 [ 6.1  2.9  4.7  1.4]
 [ 6.9  3.1  4.9  1.5]
 [ 4.5  2.3  1.3  0.3]
 [ 5.8  2.7  5.1  1.9]
 [ 5.   3.4  1.5  0.2]
 [ 6.4  3.2  4.5  1.5]
 [ 5.6  2.5  3.9  1.1]
 [ 6.5  3.   5.5  1.8]
 [ 5.5  4.2  1.4  0.2]
 [ 7.1  3.   5.9  2.1]]
Prediction:
[1 1 0 1 1 0 1 0 1 1 1 1 1 1 1 1 0 1 1 0 0 0 1 1 1 1 1 0 1 0 1 1 1 1 0 1 1
 1 1 1 1 1 1 0 0 0 1 1 0 0 1 1 0 1 0 1 1 1 0 1]
True:
[1 2 0 1 1 0 1 0 2 1 2 2 1 2 1 1 0 2 2 0 0 0 2 1 2 2 1 0 2 0 1 1 2 2 0 1 1
 2 1 1 2 2 2 0 0 0 1 2 0 0 1 1 0 2 0 1 1 2 0 2]
Confusion matrix:
[[ 18.   0.   0.]
 [  0.  21.   0.]
 [  0.  21.   0.]]
Correctly classified 39/60 samples
Precision: [1.00 0.50 0.00]
Recall: [1.00 1.00 0.00]
